PARSFILE
#FullDataName Suspension: Steer Angle (Virtual Steering Axis)`D-Class, Sedan - Front Right`D-Class
#CheckBox0 0    

*3D_XLabel Rack travel left (mm)
*3D_YLabel Suspension cmp. (jounce) (mm)
*3D_ZLabel Steer angle (deg)

#DiagramTwo0
*3D_DATA 19, 12 ! columns x rows
STEER_VIR_CARPET 2D_SPLINE
0, -90, -80, -70, -60, -50, -40, -30, -20, -10, 0, 10, 20, 30, 40, 50, 60, 70, 80, 90
-60, -45.47, -39.185, -33.32, -27.835, -22.683, -17.827, -13.235, -8.8757, -4.7192, -0.73751, 3.0949, 6.8061, 10.423, 13.971, 17.481, 20.983, 24.513, 28.116, 31.848
-50, -45.325, -39.037, -33.168, -27.679, -22.524, -17.665, -13.071, -8.7089, -4.5503, -0.56669, 3.2674, 6.9801, 10.598, 14.148, 17.659, 21.162, 24.693, 28.297, 32.03
-40, -45.2, -38.908, -33.035, -27.543, -22.384, -17.523, -12.926, -8.5615, -4.4008, -0.41535, 3.4204, 7.1347, 10.754, 14.305, 17.817, 21.321, 24.853, 28.458, 32.191
-30, -45.094, -38.798, -32.921, -27.426, -22.264, -17.4, -12.8, -8.4333, -4.2705, -0.28318, 3.5542, 7.27, 10.891, 14.443, 17.956, 21.461, 24.994, 28.599, 32.333
-20, -45.007, -38.707, -32.826, -27.327, -22.162, -17.295, -12.693, -8.3241, -4.1592, -0.16997, 3.669, 7.3863, 11.008, 14.562, 18.076, 21.582, 25.116, 28.721, 32.456
-10, -44.94, -38.635, -32.751, -27.248, -22.08, -17.21, -12.605, -8.2337, -4.0667, -0.075586, 3.7651, 7.4838, 11.107, 14.662, 18.177, 21.684, 25.218, 28.825, 32.56
0, -44.892, -38.583, -32.694, -27.188, -22.016, -17.143, -12.536, -8.1621, -3.993, 0, 3.8423, 7.5625, 11.187, 14.743, 18.26, 21.767, 25.302, 28.909, 32.645
10, -44.863, -38.55, -32.657, -27.147, -21.972, -17.096, -12.485, -8.1095, -3.9382, 0.056695, 3.9007, 7.6224, 11.248, 14.806, 18.323, 21.831, 25.367, 28.975, 32.711
20, -44.854, -38.536, -32.639, -27.125, -21.947, -17.067, -12.454, -8.0759, -3.9025, 0.09438, 3.9401, 7.6633, 11.291, 14.849, 18.367, 21.877, 25.413, 29.021, 32.758
30, -44.866, -38.543, -32.642, -27.123, -21.941, -17.059, -12.443, -8.0618, -3.8861, 0.11279, 3.9602, 7.685, 11.314, 14.873, 18.393, 21.903, 25.44, 29.049, 32.786
40, -44.898, -38.57, -32.664, -27.141, -21.956, -17.07, -12.451, -8.0675, -3.8894, 0.11153, 3.9607, 7.6871, 11.317, 14.878, 18.398, 21.91, 25.448, 29.057, 32.794
50, -44.952, -38.619, -32.708, -27.181, -21.991, -17.102, -12.48, -8.0936, -3.913, 0.090093, 3.9412, 7.6692, 11.301, 14.863, 18.384, 21.896, 25.435, 29.045, 32.783
ENDTABLE

#RadioCtrl0 0    


LOG_ENTRY Used Dataset: Suspension: Steer Angle (Virtual Steering Axis); { D-Class } D-Class, Sedan - Front Right
#Library : Suspension: Steer Angle (Virtual Steering Axis)
#DataSet : D-Class, Sedan - Front Right
#Category: D-Class
#FileID  : StrVir_754c0ac8-bd8e-4ec8-9e41-f84aedae3577
#Product : CarSim 2021.0
#VehCode Steer Angle

END
