PARSFILE
#FullDataName Suspension: Steer Angle (Virtual Steering Axis)`D-Class, Sedan - Front Left`D-Class
#CheckBox0 0    

*3D_XLabel Rack travel left (mm)
*3D_YLabel Suspension cmp. (jounce) (mm)
*3D_ZLabel Steer angle (deg)

#DiagramTwo0
*3D_DATA 19, 12 ! columns x rows
STEER_VIR_CARPET 2D_SPLINE
0, -90, -80, -70, -60, -50, -40, -30, -20, -10, 0, 10, 20, 30, 40, 50, 60, 70, 80, 90
-60, -31.848, -28.116, -24.513, -20.983, -17.481, -13.971, -10.423, -6.8061, -3.0949, 0.73751, 4.7192, 8.8757, 13.235, 17.827, 22.683, 27.835, 33.32, 39.185, 45.47
-50, -32.03, -28.297, -24.693, -21.162, -17.659, -14.148, -10.598, -6.9801, -3.2674, 0.56669, 4.5503, 8.7089, 13.071, 17.665, 22.524, 27.679, 33.168, 39.037, 45.325
-40, -32.191, -28.458, -24.853, -21.321, -17.817, -14.305, -10.754, -7.1347, -3.4204, 0.41535, 4.4008, 8.5615, 12.926, 17.523, 22.384, 27.543, 33.035, 38.908, 45.2
-30, -32.333, -28.599, -24.994, -21.461, -17.956, -14.443, -10.891, -7.27, -3.5542, 0.28318, 4.2705, 8.4333, 12.8, 17.4, 22.264, 27.426, 32.921, 38.798, 45.094
-20, -32.456, -28.721, -25.116, -21.582, -18.076, -14.562, -11.008, -7.3863, -3.669, 0.16997, 4.1592, 8.3241, 12.693, 17.295, 22.162, 27.327, 32.826, 38.707, 45.007
-10, -32.56, -28.825, -25.218, -21.684, -18.177, -14.662, -11.107, -7.4838, -3.7651, 0.075586, 4.0667, 8.2337, 12.605, 17.21, 22.08, 27.248, 32.751, 38.635, 44.94
0, -32.645, -28.909, -25.302, -21.767, -18.26, -14.743, -11.187, -7.5625, -3.8423, 0, 3.993, 8.1621, 12.536, 17.143, 22.016, 27.188, 32.694, 38.583, 44.892
10, -32.711, -28.975, -25.367, -21.831, -18.323, -14.806, -11.248, -7.6224, -3.9007, -0.056695, 3.9382, 8.1095, 12.485, 17.096, 21.972, 27.147, 32.657, 38.55, 44.863
20, -32.758, -29.021, -25.413, -21.877, -18.367, -14.849, -11.291, -7.6633, -3.9401, -0.09438, 3.9025, 8.0759, 12.454, 17.067, 21.947, 27.125, 32.639, 38.536, 44.854
30, -32.786, -29.049, -25.44, -21.903, -18.393, -14.873, -11.314, -7.685, -3.9602, -0.11279, 3.8861, 8.0618, 12.443, 17.059, 21.941, 27.123, 32.642, 38.543, 44.866
40, -32.794, -29.057, -25.448, -21.91, -18.398, -14.878, -11.317, -7.6871, -3.9607, -0.11153, 3.8894, 8.0675, 12.451, 17.07, 21.956, 27.141, 32.664, 38.57, 44.898
50, -32.783, -29.045, -25.435, -21.896, -18.384, -14.863, -11.301, -7.6692, -3.9412, -0.090093, 3.913, 8.0936, 12.48, 17.102, 21.991, 27.181, 32.708, 38.619, 44.952
ENDTABLE

#RadioCtrl0 0    


LOG_ENTRY Used Dataset: Suspension: Steer Angle (Virtual Steering Axis); { D-Class } D-Class, Sedan - Front Left
#Library : Suspension: Steer Angle (Virtual Steering Axis)
#DataSet : D-Class, Sedan - Front Left
#Category: D-Class
#FileID  : StrVir_7b72da80-6ffd-4fde-8693-f1f50702314a
#Product : CarSim 2021.0
#VehCode Steer Angle

END
