PARSFILE
#FullDataName Generic Table`Front Left Damper Compression`D-Class, Sedan (VSA)
#RingCtrl0 2D_SPLINE
#CheckBox0 1    

*3D_XLabel Rack travel left
*3D_YLabel Jounce
*3D_ZLabel Spring compression

#DiagramTwo0
*3D_DATA 19, 12 ! columns x rows
CMP_DAMP_VIR_CARPET 2D_SPLINE
0, -90, -80, -70, -60, -50, -40, -30, -20, -10, 0, 10, 20, 30, 40, 50, 60, 70, 80, 90
-60, -42.264, -42.084, -41.859, -41.592, -41.281, -40.924, -40.52, -40.063, -39.549, -38.972, -38.325, -37.601, -36.792, -35.89, -34.888, -33.777, -32.554, -31.212, -29.755
-50, -35.755, -35.58, -35.36, -35.097, -34.789, -34.435, -34.032, -33.576, -33.062, -32.484, -31.834, -31.107, -30.293, -29.385, -28.375, -27.254, -26.019, -24.662, -23.189
-40, -29.246, -29.076, -28.861, -28.601, -28.296, -27.944, -27.542, -27.086, -26.572, -25.993, -25.341, -24.61, -23.792, -22.878, -21.86, -20.729, -19.482, -18.111, -16.622
-30, -22.737, -22.572, -22.36, -22.103, -21.801, -21.45, -21.05, -20.594, -20.079, -19.499, -18.845, -18.111, -17.288, -16.368, -15.342, -14.202, -12.944, -11.56, -10.056
-20, -16.23, -16.068, -15.86, -15.605, -15.304, -14.955, -14.555, -14.1, -13.584, -13.002, -12.346, -11.608, -10.78, -9.8543, -8.821, -7.6727, -6.4036, -5.0081, -3.4905
-10, -9.7226, -9.5647, -9.3586, -9.1061, -8.8067, -8.4587, -8.059, -7.6033, -7.0865, -6.5024, -5.8435, -5.1022, -4.2701, -3.3381, -2.2978, -1.141, 0.13808, 1.5449, 3.0752
0, -3.2165, -3.0613, -2.8573, -2.6063, -2.3079, -1.9603, -1.5605, -1.1042, -0.5861, -1.061e-15, 0.6617, 1.4066, 2.2434, 3.181, 4.2283, 5.3931, 6.6815, 8.0988, 9.6406
10, 3.2884, 3.4416, 3.6442, 3.8943, 4.1921, 4.5397, 4.94, 5.3973, 5.917, 6.5053, 7.17, 7.9187, 8.7601, 9.7033, 10.757, 11.93, 13.227, 14.654, 16.206
20, 9.7921, 9.944, 10.146, 10.395, 10.693, 11.041, 11.442, 11.901, 12.423, 13.014, 13.681, 14.434, 15.28, 16.229, 17.289, 18.469, 19.774, 21.209, 22.771
30, 16.294, 16.446, 16.647, 16.897, 17.196, 17.544, 17.947, 18.408, 18.931, 19.525, 20.196, 20.953, 21.804, 22.758, 23.824, 25.01, 26.323, 27.766, 29.335
40, 22.795, 22.947, 23.149, 23.399, 23.699, 24.049, 24.454, 24.916, 25.443, 26.04, 26.714, 27.475, 28.33, 29.29, 30.362, 31.555, 32.874, 34.324, 35.899
50, 29.295, 29.447, 29.65, 29.902, 30.204, 30.556, 30.963, 31.428, 31.957, 32.557, 33.236, 34.001, 34.861, 35.825, 36.903, 38.101, 39.427, 40.882, 42.463
ENDTABLE

#RadioCtrl0 0    
#RadioCtrl1 0    

*KEYWORD CMP_DAMP_VIR
*X_LABEL Jounce
*Y_LABEL Spring compression
*X_LABEL_2 Rack travel left


#EMBEDDED_NOTES
#This suspension uses a coilover strut, so spring and damping compression, for the same side, use the same data. The keywords, however, differ, requiring two unique datasets.
#END_EMBEDDED_NOTES

LOG_ENTRY Used Dataset: Generic Table; { D-Class, Sedan (VSA) } Front Left Damper Compression
#Library : Generic Table
#DataSet : Front Left Damper Compression
#Category: D-Class, Sedan (VSA)
#FileID  : GenTab_a7078ffc-1eba-4fcd-a4a9-cb90b0273bed
#Product : CarSim 2021.0
#VehCode table

END
