PARSFILE
#FullDataName Generic Table`Front Right Spring Compression`D-Class, Sedan (VSA)
#RingCtrl0 2D_SPLINE
#CheckBox0 1    

*3D_XLabel Rack travel left
*3D_YLabel Jounce
*3D_ZLabel Spring compression

#DiagramTwo0
*3D_DATA 19, 12 ! columns x rows
CMP_SPR_SEAT_VIR_CARPET 2D_SPLINE
0, -90, -80, -70, -60, -50, -40, -30, -20, -10, 0, 10, 20, 30, 40, 50, 60, 70, 80, 90
-60, -29.755, -31.212, -32.554, -33.777, -34.888, -35.89, -36.792, -37.601, -38.325, -38.972, -39.549, -40.063, -40.52, -40.924, -41.281, -41.592, -41.859, -42.084, -42.264
-50, -23.189, -24.662, -26.019, -27.254, -28.375, -29.385, -30.293, -31.107, -31.834, -32.484, -33.062, -33.576, -34.032, -34.435, -34.789, -35.097, -35.36, -35.58, -35.755
-40, -16.622, -18.111, -19.482, -20.729, -21.86, -22.878, -23.792, -24.61, -25.341, -25.993, -26.572, -27.086, -27.542, -27.944, -28.296, -28.601, -28.861, -29.076, -29.246
-30, -10.056, -11.56, -12.944, -14.202, -15.342, -16.368, -17.288, -18.111, -18.845, -19.499, -20.079, -20.594, -21.05, -21.45, -21.801, -22.103, -22.36, -22.572, -22.737
-20, -3.4905, -5.0081, -6.4036, -7.6727, -8.821, -9.8543, -10.78, -11.608, -12.346, -13.002, -13.584, -14.1, -14.555, -14.955, -15.304, -15.605, -15.86, -16.068, -16.23
-10, 3.0752, 1.5449, 0.13808, -1.141, -2.2978, -3.3381, -4.2701, -5.1022, -5.8435, -6.5024, -7.0865, -7.6033, -8.059, -8.4587, -8.8067, -9.1061, -9.3586, -9.5647, -9.7226
0, 9.6406, 8.0988, 6.6815, 5.3931, 4.2283, 3.181, 2.2434, 1.4066, 0.6617, 1.0608e-15, -0.5861, -1.1042, -1.5605, -1.9603, -2.3079, -2.6063, -2.8573, -3.0613, -3.2165
10, 16.206, 14.654, 13.227, 11.93, 10.757, 9.7033, 8.7601, 7.9187, 7.17, 6.5053, 5.917, 5.3973, 4.94, 4.5397, 4.1921, 3.8943, 3.6442, 3.4416, 3.2884
20, 22.771, 21.209, 19.774, 18.469, 17.289, 16.229, 15.28, 14.434, 13.681, 13.014, 12.423, 11.901, 11.442, 11.041, 10.693, 10.395, 10.146, 9.944, 9.7921
30, 29.335, 27.766, 26.323, 25.01, 23.824, 22.758, 21.804, 20.953, 20.196, 19.525, 18.931, 18.408, 17.947, 17.544, 17.196, 16.897, 16.647, 16.446, 16.294
40, 35.899, 34.324, 32.874, 31.555, 30.362, 29.29, 28.33, 27.475, 26.714, 26.04, 25.443, 24.916, 24.454, 24.049, 23.699, 23.399, 23.149, 22.947, 22.795
50, 42.463, 40.882, 39.427, 38.101, 36.903, 35.825, 34.861, 34.001, 33.236, 32.557, 31.957, 31.428, 30.963, 30.556, 30.204, 29.902, 29.65, 29.447, 29.295
ENDTABLE

#RadioCtrl0 0    
#RadioCtrl1 0    

*KEYWORD CMP_SPR_SEAT_VIR
*X_LABEL Jounce
*Y_LABEL Spring compression
*X_LABEL_2 Rack travel left


#EMBEDDED_NOTES
#This suspension uses a coilover strut, so spring and damping compression, for the same side, use the same data. The keywords, however, differ, requiring two unique datasets.
#END_EMBEDDED_NOTES

LOG_ENTRY Used Dataset: Generic Table; { D-Class, Sedan (VSA) } Front Right Spring Compression
#Library : Generic Table
#DataSet : Front Right Spring Compression
#Category: D-Class, Sedan (VSA)
#FileID  : GenTab_1b14c118-b2b9-4026-8fe4-146d61f5dd89
#Product : CarSim 2021.0
#VehCode table

END
