PARSFILE
#FullDataName Suspension: Dive Angle (Virtual Steering Axis)`D-Class, Sedan - Front Right`D-Class
#CheckBox0 0    

*3D_XLabel Rack travel left (mm)
*3D_YLabel Suspension cmp. (jounce) (mm)
*3D_ZLabel Dive angle (deg)

#DiagramTwo0
*3D_DATA 19, 12 ! columns x rows
DIVE_VIR_CARPET 2D_SPLINE
0, -90, -80, -70, -60, -50, -40, -30, -20, -10, 0, 10, 20, 30, 40, 50, 60, 70, 80, 90
-60, -5.6229, -5.3042, -4.8492, -4.2903, -3.655, -2.9641, -2.2336, -1.4754, -0.69816, 0.092238, 0.8917, 1.6988, 2.5134, 3.3368, 4.1719, 5.0228, 5.8956, 6.799, 7.7452
-50, -5.7752, -5.4416, -4.9707, -4.3952, -3.743, -3.0351, -2.2879, -1.5133, -0.72005, 0.085918, 0.90046, 1.7222, 2.551, 3.3883, 4.2369, 5.1011, 5.9871, 6.9035, 7.8627
-40, -5.9184, -5.5717, -5.0865, -4.4959, -3.8282, -3.1048, -2.3421, -1.5523, -0.74413, 0.076344, 0.90496, 1.7404, 2.5825, 3.4329, 4.2942, 5.1709, 6.0692, 6.9978, 7.9694
-30, -6.0526, -5.6944, -5.1966, -4.5925, -3.9108, -3.1732, -2.3964, -1.5926, -0.77068, 0.063232, 0.90492, 1.7531, 2.6077, 3.4701, 4.3433, 5.2316, 6.1415, 7.0816, 8.0647
-20, -6.1776, -5.8098, -5.3011, -4.6851, -3.991, -3.2406, -2.451, -1.6344, -0.79995, 0.046308, 0.90003, 1.76, 2.626, 3.4997, 4.3839, 5.2831, 6.2037, 7.1546, 8.1484
-10, -6.2932, -5.9176, -5.4, -4.7737, -4.0687, -3.3071, -2.506, -1.678, -0.83216, 0.025313, 0.89002, 1.7607, 2.6373, 3.5214, 4.4157, 5.325, 6.2555, 7.2163, 8.22
0, -6.3991, -6.0178, -5.493, -4.8583, -4.1441, -3.3728, -2.5616, -1.7235, -0.86752, -2.7861e-17, 0.87461, 1.7551, 2.6413, 3.5347, 4.4384, 5.3568, 6.2964, 7.2663, 8.2792
10, -6.4949, -6.11, -5.58, -4.9388, -4.217, -3.4376, -2.6179, -1.771, -0.90624, -0.029872, 0.85353, 1.7427, 2.6375, 3.5394, 4.4514, 5.3781, 6.326, 7.3042, 8.3255
20, -6.5803, -6.1938, -5.6608, -5.0149, -4.2875, -3.5016, -2.675, -1.8208, -0.94847, -0.064508, 0.82653, 1.7233, 2.6256, 3.5351, 4.4545, 5.3887, 6.344, 7.3296, 8.3585
30, -6.6546, -6.2689, -5.735, -5.0866, -4.3553, -3.5647, -2.7328, -1.8728, -0.99437, -0.1041, 0.79335, 1.6966, 2.6054, 3.5213, 4.4473, 5.3879, 6.3498, 7.342, 8.3775
40, -6.7171, -6.3347, -5.8022, -5.1533, -4.4203, -3.6269, -2.7913, -1.9271, -1.044, -0.14882, 0.75379, 1.6623, 2.5765, 3.4979, 4.4293, 5.3755, 6.3429, 7.3408, 8.3822
50, -6.767, -6.3904, -5.8618, -5.2148, -4.482, -3.6878, -2.8504, -1.9837, -1.0975, -0.1988, 0.70763, 1.6202, 2.5386, 3.4643, 4.4002, 5.3509, 6.3229, 7.3256, 8.3718
ENDTABLE

#RadioCtrl0 0    


LOG_ENTRY Used Dataset: Suspension: Dive Angle (Virtual Steering Axis); { D-Class } D-Class, Sedan - Front Right
#Library : Suspension: Dive Angle (Virtual Steering Axis)
#DataSet : D-Class, Sedan - Front Right
#Category: D-Class
#FileID  : DiveVir_c480cd4c-104a-4eff-bb5e-db8e8298a47b
#Product : CarSim 2021.0
#VehCode Dive Angle

END
