PARSFILE
#FullDataName Suspension: Dive Angle (Virtual Steering Axis)`D-Class, Sedan - Front Left`D-Class
#CheckBox0 0    

*3D_XLabel Rack travel left (mm)
*3D_YLabel Suspension cmp. (jounce) (mm)
*3D_ZLabel Dive angle (deg)

#DiagramTwo0
*3D_DATA 19, 12 ! columns x rows
DIVE_VIR_CARPET 2D_SPLINE
0, -90, -80, -70, -60, -50, -40, -30, -20, -10, 0, 10, 20, 30, 40, 50, 60, 70, 80, 90
-60, 7.7452, 6.799, 5.8956, 5.0228, 4.1719, 3.3368, 2.5134, 1.6988, 0.8917, 0.092238, -0.69816, -1.4754, -2.2336, -2.9641, -3.655, -4.2903, -4.8492, -5.3042, -5.6229
-50, 7.8627, 6.9035, 5.9871, 5.1011, 4.2369, 3.3883, 2.551, 1.7222, 0.90046, 0.085918, -0.72005, -1.5133, -2.2879, -3.0351, -3.743, -4.3952, -4.9707, -5.4416, -5.7752
-40, 7.9694, 6.9978, 6.0692, 5.1709, 4.2942, 3.4329, 2.5825, 1.7404, 0.90496, 0.076344, -0.74413, -1.5523, -2.3421, -3.1048, -3.8282, -4.4959, -5.0865, -5.5717, -5.9184
-30, 8.0647, 7.0816, 6.1415, 5.2316, 4.3433, 3.4701, 2.6077, 1.7531, 0.90492, 0.063232, -0.77068, -1.5926, -2.3964, -3.1732, -3.9108, -4.5925, -5.1966, -5.6944, -6.0526
-20, 8.1484, 7.1546, 6.2037, 5.2831, 4.3839, 3.4997, 2.626, 1.76, 0.90003, 0.046308, -0.79995, -1.6344, -2.451, -3.2406, -3.991, -4.6851, -5.3011, -5.8098, -6.1776
-10, 8.22, 7.2163, 6.2555, 5.325, 4.4157, 3.5214, 2.6373, 1.7607, 0.89002, 0.025313, -0.83216, -1.678, -2.506, -3.3071, -4.0687, -4.7737, -5.4, -5.9176, -6.2932
0, 8.2792, 7.2663, 6.2964, 5.3568, 4.4384, 3.5347, 2.6413, 1.7551, 0.87461, 1.3931e-17, -0.86752, -1.7235, -2.5616, -3.3728, -4.1441, -4.8583, -5.493, -6.0178, -6.3991
10, 8.3255, 7.3042, 6.326, 5.3781, 4.4514, 3.5394, 2.6375, 1.7427, 0.85353, -0.029872, -0.90624, -1.771, -2.6179, -3.4376, -4.217, -4.9388, -5.58, -6.11, -6.4949
20, 8.3585, 7.3296, 6.344, 5.3887, 4.4545, 3.5351, 2.6256, 1.7233, 0.82653, -0.064508, -0.94847, -1.8208, -2.675, -3.5016, -4.2875, -5.0149, -5.6608, -6.1938, -6.5803
30, 8.3775, 7.342, 6.3498, 5.3879, 4.4473, 3.5213, 2.6054, 1.6966, 0.79335, -0.1041, -0.99437, -1.8728, -2.7328, -3.5647, -4.3553, -5.0866, -5.735, -6.2689, -6.6546
40, 8.3822, 7.3408, 6.3429, 5.3755, 4.4293, 3.4979, 2.5765, 1.6623, 0.75379, -0.14882, -1.044, -1.9271, -2.7913, -3.6269, -4.4203, -5.1533, -5.8022, -6.3347, -6.7171
50, 8.3718, 7.3256, 6.3229, 5.3509, 4.4002, 3.4643, 2.5386, 1.6202, 0.70763, -0.1988, -1.0975, -1.9837, -2.8504, -3.6878, -4.482, -5.2148, -5.8618, -6.3904, -6.767
ENDTABLE

#RadioCtrl0 0    


LOG_ENTRY Used Dataset: Suspension: Dive Angle (Virtual Steering Axis); { D-Class } D-Class, Sedan - Front Left
#Library : Suspension: Dive Angle (Virtual Steering Axis)
#DataSet : D-Class, Sedan - Front Left
#Category: D-Class
#FileID  : DiveVir_6fd63da2-bf66-40ef-b785-4ae7c49a746c
#Product : CarSim 2021.0
#VehCode Dive Angle

END
