PARSFILE
#FullDataName Suspension: Camber Angle (Virtual Steering Axis)`D-Class, Sedan - Front Right`D-Class
#CheckBox0 0    

*3D_XLabel Rack travel left (mm)
*3D_YLabel Suspension cmp. (jounce) (mm)
*3D_ZLabel Camber angle (deg)

#DiagramTwo0
*3D_DATA 19, 12 ! columns x rows
CAMBER_VIR_CARPET 2D_SPLINE
0, -90, -80, -70, -60, -50, -40, -30, -20, -10, 0, 10, 20, 30, 40, 50, 60, 70, 80, 90
-60, 11.046, 9.4145, 7.9285, 6.5906, 5.3883, 4.3129, 3.3541, 2.5018, 1.7457, 1.0765, 0.48674, -0.032198, -0.48708, -0.88332, -1.2252, -1.5158, -1.7568, -1.9482, -2.0879
-50, 10.921, 9.2689, 7.7655, 6.413, 5.1988, 4.1138, 3.1475, 2.2895, 1.5294, 0.85768, 0.26672, -0.25234, -0.70631, -1.1007, -1.4397, -1.7266, -1.9629, -2.1488, -2.2817
-40, 10.809, 9.1377, 7.6176, 6.2509, 5.025, 3.9305, 2.9567, 2.093, 1.3287, 0.6542, 0.061765, -0.45772, -0.91112, -1.304, -1.6407, -1.9243, -2.1566, -2.3373, -2.4642
-30, 10.712, 9.0215, 7.4851, 6.1046, 4.8672, 3.7633, 2.7821, 1.9125, 1.1439, 0.46632, -0.12788, -0.64814, -1.1014, -1.4931, -1.8279, -2.1089, -2.3376, -2.5139, -2.6353
-20, 10.629, 8.9207, 7.3686, 5.9747, 4.726, 3.6128, 2.624, 1.7484, 0.97525, 0.29437, -0.30192, -0.82331, -1.2768, -1.6679, -2.0013, -2.2801, -2.5058, -2.6783, -2.795
-10, 10.561, 8.8358, 7.2686, 5.8616, 4.6019, 3.4793, 2.4829, 1.6012, 0.82326, 0.13877, -0.45996, -0.98289, -1.437, -1.828, -2.1606, -2.4377, -2.6611, -2.8305, -2.9431
0, 10.509, 8.7674, 7.1857, 5.766, 4.4954, 3.3636, 2.3594, 1.4714, 0.68842, -2.4338e-17, -0.60156, -1.1264, -1.5817, -1.9731, -2.3053, -2.5814, -2.8031, -2.97, -3.0795
10, 10.473, 8.7163, 7.1207, 5.6886, 4.4073, 3.2662, 2.2543, 1.3597, 0.57134, -0.12134, -0.72617, -1.2535, -1.7103, -2.1027, -2.4351, -2.7108, -2.9314, -3.0967, -3.2038
20, 10.454, 8.6831, 7.0743, 5.6301, 4.3382, 3.188, 2.1681, 1.2668, 0.47271, -0.22464, -0.83316, -1.3633, -1.8224, -2.2162, -2.5495, -2.8254, -3.0457, -3.2101, -3.3156
30, 10.453, 8.6686, 7.0472, 5.5915, 4.2892, 3.1298, 2.1017, 1.1934, 0.39332, -0.30911, -0.92179, -1.4554, -1.9171, -2.3131, -2.6478, -2.9247, -3.1455, -3.3097, -3.4144
40, 10.47, 8.6737, 7.0405, 5.5735, 4.2611, 3.0924, 2.0561, 1.1405, 0.33406, -0.3739, -0.99123, -1.5288, -1.9938, -2.3925, -2.7294, -3.008, -3.2299, -3.3948, -3.4998
50, 10.507, 8.6993, 7.0551, 5.5774, 4.255, 3.0771, 2.0324, 1.1092, 0.29596, -0.418, -1.0405, -1.5825, -2.0515, -2.4536, -2.7934, -3.0744, -3.2984, -3.4649, -3.571
ENDTABLE

#RadioCtrl0 0    


LOG_ENTRY Used Dataset: Suspension: Camber Angle (Virtual Steering Axis); { D-Class } D-Class, Sedan - Front Right
#Library : Suspension: Camber Angle (Virtual Steering Axis)
#DataSet : D-Class, Sedan - Front Right
#Category: D-Class
#FileID  : CamVir_2c2dd065-c2ba-4d00-bd9e-792ed1e29bc8
#Product : CarSim 2021.0
#VehCode Camber Angle

END
