PARSFILE
#FullDataName Suspension: Camber Angle (Virtual Steering Axis)`D-Class, Sedan - Front Left`D-Class
#CheckBox0 0    

*3D_XLabel Rack travel left (mm)
*3D_YLabel Suspension cmp. (jounce) (mm)
*3D_ZLabel Camber angle (deg)

#DiagramTwo0
*3D_DATA 19, 12 ! columns x rows
CAMBER_VIR_CARPET 2D_SPLINE
0, -90, -80, -70, -60, -50, -40, -30, -20, -10, 0, 10, 20, 30, 40, 50, 60, 70, 80, 90
-60, -2.0879, -1.9482, -1.7568, -1.5158, -1.2252, -0.88332, -0.48708, -0.032198, 0.48674, 1.0765, 1.7457, 2.5018, 3.3541, 4.3129, 5.3883, 6.5906, 7.9285, 9.4145, 11.046
-50, -2.2817, -2.1488, -1.9629, -1.7266, -1.4397, -1.1007, -0.70631, -0.25234, 0.26672, 0.85768, 1.5294, 2.2895, 3.1475, 4.1138, 5.1988, 6.413, 7.7655, 9.2689, 10.921
-40, -2.4642, -2.3373, -2.1566, -1.9243, -1.6407, -1.304, -0.91112, -0.45772, 0.061765, 0.6542, 1.3287, 2.093, 2.9567, 3.9305, 5.025, 6.2509, 7.6176, 9.1377, 10.809
-30, -2.6353, -2.5139, -2.3376, -2.1089, -1.8279, -1.4931, -1.1014, -0.64814, -0.12788, 0.46632, 1.1439, 1.9125, 2.7821, 3.7633, 4.8672, 6.1046, 7.4851, 9.0215, 10.712
-20, -2.795, -2.6783, -2.5058, -2.2801, -2.0013, -1.6679, -1.2768, -0.82331, -0.30192, 0.29437, 0.97525, 1.7484, 2.624, 3.6128, 4.726, 5.9747, 7.3686, 8.9207, 10.629
-10, -2.9431, -2.8305, -2.6611, -2.4377, -2.1606, -1.828, -1.437, -0.98289, -0.45996, 0.13877, 0.82326, 1.6012, 2.4829, 3.4793, 4.6019, 5.8616, 7.2686, 8.8358, 10.561
0, -3.0795, -2.97, -2.8031, -2.5814, -2.3053, -1.9731, -1.5817, -1.1264, -0.60156, 6.9544e-18, 0.68842, 1.4714, 2.3594, 3.3636, 4.4954, 5.766, 7.1857, 8.7674, 10.509
10, -3.2038, -3.0967, -2.9314, -2.7108, -2.4351, -2.1027, -1.7103, -1.2535, -0.72617, -0.12134, 0.57134, 1.3597, 2.2543, 3.2662, 4.4073, 5.6886, 7.1207, 8.7163, 10.473
20, -3.3156, -3.2101, -3.0457, -2.8254, -2.5495, -2.2162, -1.8224, -1.3633, -0.83316, -0.22464, 0.47271, 1.2668, 2.1681, 3.188, 4.3382, 5.6301, 7.0743, 8.6831, 10.454
30, -3.4144, -3.3097, -3.1455, -2.9247, -2.6478, -2.3131, -1.9171, -1.4554, -0.92179, -0.30911, 0.39332, 1.1934, 2.1017, 3.1298, 4.2892, 5.5915, 7.0472, 8.6686, 10.453
40, -3.4998, -3.3948, -3.2299, -3.008, -2.7294, -2.3925, -1.9938, -1.5288, -0.99123, -0.3739, 0.33406, 1.1405, 2.0561, 3.0924, 4.2611, 5.5735, 7.0405, 8.6737, 10.47
50, -3.571, -3.4649, -3.2984, -3.0744, -2.7934, -2.4536, -2.0515, -1.5825, -1.0405, -0.418, 0.29596, 1.1092, 2.0324, 3.0771, 4.255, 5.5774, 7.0551, 8.6993, 10.507
ENDTABLE

#RadioCtrl0 0    


LOG_ENTRY Used Dataset: Suspension: Camber Angle (Virtual Steering Axis); { D-Class } D-Class, Sedan - Front Left
#Library : Suspension: Camber Angle (Virtual Steering Axis)
#DataSet : D-Class, Sedan - Front Left
#Category: D-Class
#FileID  : CamVir_3cffd77c-fd87-461b-95bd-f998549219e5
#Product : CarSim 2021.0
#VehCode Camber Angle

END
