PARSFILE
#FullDataName Suspension: Lateral Movement (Virtual Steering Axis)`D-Class, Sedan - Front Left`D-Class
#CheckBox0 0    

*3D_XLabel Rack travel left (mm)
*3D_YLabel Suspension cmp. (jounce) (mm)
*3D_ZLabel Lateral movement inward (mm)

#DiagramTwo0
*3D_DATA 19, 12 ! columns x rows
LAT_VIR_CARPET 2D_SPLINE
0, -90, -80, -70, -60, -50, -40, -30, -20, -10, 0, 10, 20, 30, 40, 50, 60, 70, 80, 90
-60, 11.337, 9.0711, 7.1577, 5.5516, 4.2284, 3.1781, 2.4021, 1.9119, 1.7281, 1.8838, 2.4312, 3.4052, 4.8648, 6.8792, 9.5276, 12.898, 17.083, 22.23, 28.384
-50, 10.58, 8.3052, 6.384, 4.7711, 3.4417, 2.3861, 1.6056, 1.1119, 0.92556, 1.0793, 1.627, 2.6032, 4.0675, 6.0898, 8.7497, 12.136, 16.343, 21.518, 27.707
-40, 10.008, 7.7256, 5.7979, 4.1794, 2.8453, 1.7858, 1.0024, 0.50675, 0.31969, 0.47332, 1.0233, 2.0038, 3.4751, 5.5074, 8.1812, 11.586, 15.818, 21.023, 27.248
-30, 9.6189, 7.3302, 5.3974, 3.7746, 2.4373, 1.3753, 0.59053, 0.094557, -0.091527, 0.063949, 0.61814, 1.6051, 3.0855, 5.1302, 7.8204, 11.246, 15.505, 20.743, 27.008
-20, 9.4111, 7.1174, 5.1806, 3.555, 2.2157, 1.1528, 0.36819, -0.12644, -0.3098, -0.15052, 0.4099, 1.4055, 2.8972, 4.9566, 7.6656, 11.115, 15.404, 20.677, 26.984
-10, 9.3828, 7.0854, 5.146, 3.5188, 2.1791, 1.1168, 0.33391, -0.15768, -0.33654, -0.17148, 0.39723, 1.4035, 2.9089, 4.9856, 7.7159, 11.191, 15.513, 20.824, 27.175
0, 9.5327, 7.2328, 5.2922, 3.665, 2.3262, 1.2661, 0.4865, -0.00035696, -0.17288, 0, 0.57908, 1.5983, 3.1197, 5.2161, 7.9703, 11.475, 15.831, 21.184, 27.58
10, 9.8595, 7.5586, 5.6182, 3.9922, 2.6559, 1.5995, 0.82498, 0.34464, 0.18032, 0.36339, 0.95474, 1.9893, 3.5291, 5.6477, 8.4286, 11.964, 16.359, 21.755, 28.2
20, 10.362, 8.0617, 6.1229, 4.4998, 3.1675, 2.1164, 1.3487, 0.87666, 0.7225, 0.91782, 1.5238, 2.5759, 4.1368, 6.2803, 9.0905, 12.66, 17.096, 22.538, 29.035
30, 11.04, 8.7414, 6.8057, 5.187, 3.8604, 2.8163, 2.0571, 1.5954, 1.4534, 1.6631, 2.2861, 3.3584, 4.9429, 7.114, 9.9564, 13.564, 18.043, 23.534, 30.085
40, 11.892, 9.5971, 7.6661, 6.0533, 4.7341, 3.6989, 2.9501, 2.5006, 2.3729, 2.5993, 3.2419, 4.3369, 5.9478, 8.1495, 11.027, 14.675, 19.201, 24.744, 31.352
50, 12.919, 10.628, 8.7037, 7.0987, 5.7886, 4.7641, 4.0278, 3.5926, 3.4815, 3.727, 4.3917, 5.5122, 7.1524, 9.3876, 12.303, 15.994, 20.571, 26.168, 32.835
ENDTABLE

#RadioCtrl0 0    


LOG_ENTRY Used Dataset: Suspension: Lateral Movement (Virtual Steering Axis); { D-Class } D-Class, Sedan - Front Left
#Library : Suspension: Lateral Movement (Virtual Steering Axis)
#DataSet : D-Class, Sedan - Front Left
#Category: D-Class
#FileID  : LatVir_51243820-a236-4efb-8b73-8da1ab981db7
#Product : CarSim 2021.0
#VehCode Lateral Disp

END
